# x, y, dx, dy, 1st best, 2nd best
158,22,0,0,4,46
596,24,0,0,5,96
782,24,0,0,1,44
812,24,0,0,2,60
962,24,0,0,5,61
102,26,0,0,5,78
136,26,0,0,2,75
528,28,0,0,2,108
732,28,0,0,3,95
254,30,0,0,6,47
316,30,0,0,8,69
320,32,0,-2,18,64
616,30,0,0,10,83
668,30,0,0,3,87
852,30,0,0,5,119
186,32,0,0,2,50
248,32,0,0,2,35
980,30,0,2,14,57
466,34,0,0,6,141
776,34,0,0,2,65
872,34,0,0,0,78
182,36,0,0,2,53
430,36,0,0,13,132
482,36,0,0,8,87
648,36,0,0,7,114
706,36,0,0,3,85
732,36,0,0,4,100
844,36,0,0,4,116
950,36,0,0,0,44
146,38,0,0,4,77
378,38,0,0,11,76
408,38,0,0,4,96
438,38,0,0,7,94
322,40,0,0,3,55
326,40,0,0,8,87
638,40,0,0,6,64
102,42,0,0,1,62
454,42,0,0,3,92
512,42,0,0,6,72
896,42,0,0,4,17
608,44,0,0,5,67
650,44,0,0,6,88
208,46,0,0,9,68
226,46,0,0,7,61
570,46,0,0,2,26
854,46,0,0,5,83
912,48,-4,-2,14,21
312,48,0,0,2,25
538,48,0,0,1,72
636,48,0,0,8,64
690,48,0,0,3,48
912,48,0,0,1,20
824,50,0,0,5,34
692,52,0,0,8,43
984,46,2,6,23,52
106,54,0,0,0,75
806,56,0,0,4,31
960,56,0,0,3,41
214,58,0,0,5,50
786,62,0,0,0,31
762,64,0,0,7,79
298,66,0,0,3,57
362,66,0,0,6,71
756,66,0,0,2,82
212,68,0,0,4,60
310,68,0,0,4,79
512,70,0,-2,22,40
596,68,0,0,4,99
856,68,0,0,1,63
518,70,0,0,3,59
538,70,0,0,6,48
546,70,0,0,5,41
956,70,0,0,0,45
132,74,0,0,4,63
342,78,0,-2,6,81
460,74,2,2,7,59
794,76,0,0,4,55
986,76,0,0,3,39
832,78,0,0,4,47
156,80,0,0,3,35
162,80,0,0,4,32
274,80,0,0,0,58
378,80,0,0,2,85
622,80,0,0,3,41
648,82,0,-2,16,46
946,80,0,0,4,42
984,80,0,0,4,36
92,82,0,0,2,113
240,82,0,0,2,76
262,82,0,0,1,62
414,82,0,0,4,89
706,84,0,-2,20,69
460,84,0,0,4,62
500,84,0,0,3,43
860,84,0,0,4,64
432,86,0,0,3,90
786,86,0,0,2,63
82,88,0,0,2,61
408,88,0,0,3,84
888,88,0,0,4,44
98,90,0,0,2,47
108,90,0,0,1,44
208,90,0,0,6,65
704,90,0,0,3,92
430,92,0,0,6,56
666,94,0,0,9,55
928,94,0,0,3,55
760,96,0,0,10,79
292,98,0,0,3,57
574,98,0,0,4,70
728,98,0,0,6,66
960,98,0,0,5,99
396,100,0,0,4,81
594,100,0,0,3,82
660,102,0,0,10,81
728,104,0,0,6,68
162,106,0,0,4,59
322,104,0,2,13,69
536,106,0,0,3,112
108,108,0,0,0,56
368,108,0,0,3,82
506,108,0,0,8,67
762,108,0,0,7,75
680,110,0,0,9,82
862,110,0,0,6,82
872,110,0,0,3,71
972,110,0,0,5,55
244,112,0,0,7,33
630,112,0,0,8,65
814,112,0,0,4,81
142,114,2,0,15,89
366,114,0,0,4,48
804,114,0,0,2,116
846,114,0,0,1,73
162,116,0,0,2,85
698,116,0,0,4,110
780,116,0,0,4,79
140,118,0,0,2,102
532,118,0,0,4,115
568,118,0,0,3,93
208,120,0,0,7,116
444,120,0,0,6,118
90,124,0,0,4,56
454,124,0,0,6,83
786,124,0,0,7,105
302,128,0,0,10,88
624,128,0,0,8,66
872,128,0,0,1,74
132,130,0,0,1,84
450,130,0,0,8,69
678,130,0,0,9,86
788,130,0,0,4,80
162,132,0,0,3,60
894,132,0,0,3,51
972,132,0,0,1,65
86,134,0,0,4,70
424,134,0,0,4,88
618,134,0,0,7,102
648,134,0,0,10,98
540,136,0,0,8,111
212,138,0,0,5,74
464,138,0,0,7,92
610,138,0,0,5,82
190,140,0,0,10,69
262,140,0,0,6,70
602,144,0,-2,21,79
760,142,0,0,8,72
904,144,0,0,3,51
934,146,0,0,5,96
106,148,0,0,5,101
842,148,0,0,0,65
402,150,0,0,7,75
724,150,0,0,11,95
1010,150,0,0,2,25
228,152,0,0,8,64
290,152,0,0,10,101
334,152,0,0,6,84
410,154,0,-2,22,136
602,152,0,0,7,86
358,154,0,0,4,90
570,154,0,0,6,108
662,154,0,0,7,92
840,154,0,0,3,99
1010,154,0,0,4,21
820,156,0,0,2,55
332,158,0,0,5,50
420,158,0,0,9,62
534,158,0,0,6,80
894,160,0,0,1,35
268,162,0,0,3,63
424,162,0,0,7,71
682,162,0,0,5,94
740,162,0,0,3,75
900,162,0,0,3,37
132,164,0,0,3,77
452,164,0,0,6,62
800,164,0,0,5,91
832,164,-2,0,16,45
838,164,0,0,6,31
178,166,0,0,3,61
712,166,0,0,10,75
896,166,0,0,1,110
384,168,0,0,9,114
416,168,0,0,7,61
798,168,0,0,1,56
142,170,2,0,14,74
564,170,0,0,6,74
736,170,0,0,6,72
584,172,0,0,6,102
622,172,0,0,6,66
990,172,2,0,19,79
96,174,0,0,1,34
486,174,0,0,9,131
878,174,0,0,6,88
1004,176,0,0,1,30
100,178,0,0,2,45
196,178,0,0,7,50
190,180,0,0,2,81
566,180,0,0,7,77
668,178,-2,2,20,72
762,180,0,0,11,71
1002,180,0,0,4,29
90,182,0,0,2,33
294,182,0,0,8,69
240,184,0,0,10,90
194,186,0,0,4,59
294,188,0,0,3,55
912,188,0,0,9,84
930,188,0,0,8,90
340,194,0,0,6,70
368,194,0,0,0,68
420,194,0,0,10,83
802,194,2,0,15,35
512,196,-2,0,19,84
816,196,2,0,11,50
912,196,0,0,6,110
544,198,0,0,7,49
112,200,0,0,6,43
296,200,0,0,7,116
772,200,0,0,7,77
370,202,0,0,2,77
662,202,0,0,6,68
1036,202,0,2,6,21
576,206,0,0,7,47
678,206,0,0,2,59
930,208,0,0,4,81
90,210,0,0,1,46
218,210,0,0,6,89
226,210,0,0,6,59
288,210,0,0,7,82
582,210,0,0,3,50
986,210,0,0,1,79
1036,210,0,0,1,24
848,212,0,0,7,46
762,214,0,0,2,44
998,214,0,0,4,96
144,216,0,0,5,76
226,216,0,0,10,59
412,216,0,0,5,47
774,216,0,0,6,88
924,216,0,0,6,110
768,218,0,0,4,35
880,218,0,0,6,81
262,220,0,0,8,100
894,220,0,0,1,40
166,222,2,0,10,77
486,222,0,0,7,99
984,222,0,0,2,90
100,224,0,0,4,47
542,224,0,0,6,28
154,226,0,0,9,83
234,226,0,0,5,70
1034,226,0,0,0,30
96,228,0,0,1,48
638,228,0,0,6,31
842,232,0,0,4,67
1032,232,0,0,1,29
194,234,0,0,1,64
908,236,0,0,3,46
946,236,0,0,4,62
978,236,0,0,2,44
984,236,0,0,0,42
182,238,0,0,4,41
844,238,0,0,1,62
374,260,-18,-20,12,15
88,242,0,0,3,45
106,240,2,2,16,45
426,246,-2,-4,21,34
518,242,0,0,1,14
156,244,0,0,2,41
344,244,0,0,2,18
666,244,0,0,1,7
100,246,0,0,2,78
360,246,0,0,3,13
920,246,0,0,7,42
286,248,0,0,2,76
398,248,0,0,3,13
518,242,2,8,11,17
578,250,0,0,2,17
678,234,-4,16,12,15
212,252,0,0,5,35
292,252,0,0,5,70
344,252,0,0,4,26
740,252,0,0,2,15
746,252,0,0,2,12
398,248,0,6,11,17
458,254,4,0,21,33
488,254,0,0,1,16
798,254,0,0,4,31
1016,254,0,0,3,31
830,256,0,0,5,38
202,258,0,0,3,25
430,260,0,-2,5,20
482,260,0,-2,9,14
644,258,0,0,1,7
748,258,0,0,2,10
1000,258,0,0,3,35
374,260,2,0,9,14
382,260,0,0,1,15
708,260,0,0,8,10
950,260,0,0,5,71
208,260,-2,2,4,28
474,262,-2,0,8,22
486,262,0,0,0,12
756,262,0,0,5,15
924,262,2,0,21,64
314,264,0,0,1,8
374,260,-32,4,14,19
424,270,2,-6,17,26
706,264,0,0,4,10
1036,264,0,0,3,50
208,260,-16,6,20,30
1050,270,-2,-2,19,60
816,270,0,0,2,15
90,272,0,0,0,14
578,250,-6,22,12,15
996,272,0,0,0,37
94,274,0,0,1,15
146,274,0,0,5,51
332,274,0,0,1,16
790,274,0,0,3,24
246,276,0,0,7,76
156,278,0,0,2,54
652,268,30,10,19,28
992,278,0,0,0,29
104,280,0,0,0,21
264,280,0,0,2,3
876,280,2,0,6,17
172,282,0,0,4,78
560,276,18,6,12,18
944,282,0,0,1,46
538,282,-2,2,4,14
614,284,0,0,10,28
1062,284,0,0,6,45
110,286,0,0,2,17
300,286,0,0,2,9
114,290,0,0,1,18
392,290,0,0,1,10
540,290,0,0,3,9
616,290,0,0,1,26
944,290,0,0,0,45
114,290,4,2,8,19
538,282,10,10,13,17
260,294,0,0,0,3
356,296,2,-2,3,11
446,296,-2,-2,12,20
504,294,0,0,4,24
946,296,0,0,6,54
356,296,-2,2,7,15
580,298,0,0,3,23
770,300,0,-2,14,32
614,304,0,0,9,46
846,302,-6,4,12,17
892,312,0,-2,8,25
990,310,0,0,0,78
1002,308,0,2,7,41
902,312,0,0,0,7
1002,308,6,4,20,36
138,314,0,0,0,57
146,314,0,0,0,28
300,296,4,18,11,18
542,314,0,0,19,86
902,312,4,2,5,8
352,318,0,0,2,21
736,318,6,0,19,24
986,318,0,0,0,61
212,320,0,0,9,104
488,320,0,0,17,106
680,334,-26,-14,15,19
736,318,2,2,7,18
128,322,0,0,0,40
258,324,0,0,1,3
244,328,0,-2,1,8
550,326,0,0,15,76
770,326,0,0,5,21
144,328,0,0,0,44
578,328,0,0,10,94
730,328,-18,0,6,11
724,328,-2,0,2,6
300,328,0,2,10,27
702,330,0,0,2,10
142,332,2,2,19,33
242,334,0,0,2,7
654,338,0,-4,6,14
670,334,0,0,2,8
914,356,-2,-22,6,13
520,336,0,0,12,80
654,338,32,-2,15,19
752,338,2,-2,16,25
990,336,0,0,0,37
208,338,0,0,4,45
1000,340,0,0,2,91
1026,340,0,0,0,58
172,342,0,0,0,26
438,348,-24,-4,9,12
384,360,-24,-14,20,27
772,346,0,0,8,62
834,346,2,0,18,62
178,348,0,0,2,26
352,360,-2,-12,13,19
438,348,0,0,3,8
638,344,-8,4,17,25
818,346,-2,2,23,52
902,340,-6,8,14,18
1022,348,0,0,1,57
380,350,0,0,1,6
392,354,-2,-4,6,9
434,350,0,0,0,7
478,350,0,0,3,11
52,358,-10,-6,14,36
450,352,0,0,4,12
484,352,0,0,1,11
904,360,0,-8,4,6
24,354,0,0,3,17
400,356,2,-2,5,8
572,356,0,-2,13,29
758,356,4,-2,18,58
788,354,0,0,4,58
878,354,0,0,7,39
424,358,0,-2,3,7
488,356,0,0,1,13
666,356,0,0,3,25
914,356,0,0,3,10
272,362,0,-4,11,21
758,356,-2,2,14,53
818,358,2,0,23,87
842,358,0,0,4,47
358,360,0,0,3,15
576,362,0,-2,6,22
676,360,0,0,5,45
352,360,-6,2,14,19
486,362,0,0,5,26
830,362,0,0,2,63
156,364,0,0,5,43
606,366,0,-2,8,37
726,364,0,0,4,43
844,364,0,0,2,33
182,366,0,0,2,16
330,366,0,0,3,35
268,368,2,0,7,21
780,368,0,0,3,44
914,356,2,12,8,15
588,372,0,-2,0,26
524,372,0,0,6,21
618,374,-2,-2,12,19
1010,372,0,0,1,49
1038,372,0,0,5,76
156,374,0,0,4,52
304,372,0,2,23,57
982,376,0,0,1,33
1020,376,0,0,3,48
308,378,0,0,8,63
520,376,2,2,11,19
236,378,0,2,1,11
450,380,0,0,3,42
952,378,0,2,15,43
1030,380,0,0,0,49
214,382,0,0,6,42
958,380,0,2,20,52
978,386,2,-4,21,27
82,388,-24,-4,8,20
182,384,0,0,0,16
236,378,-2,6,5,11
740,388,-6,-4,19,34
186,386,0,0,1,16
978,386,0,0,2,27
34,382,2,6,10,13
160,390,0,-2,16,64
636,394,4,-6,12,22
740,388,0,0,1,21
122,412,-24,-22,18,29
604,394,4,-4,12,15
958,392,0,0,1,28
974,392,0,0,2,25
320,396,4,-2,17,28
740,388,-20,6,17,93
182,396,0,0,0,13
320,396,0,0,2,30
390,396,-2,0,6,70
998,396,0,0,2,61
38,392,4,6,21,28
312,402,-4,-4,22,31
390,396,-10,2,23,53
520,376,6,22,13,18
600,398,0,0,4,11
80,402,0,0,7,15
236,378,-4,24,12,18
406,402,0,0,0,85
846,410,-2,-6,14,20
266,406,0,0,7,50
358,406,-12,0,7,9
358,406,0,0,1,7
206,410,0,-2,23,52
260,408,0,0,4,43
682,408,0,0,2,34
438,410,0,0,3,40
682,408,-4,2,9,30
796,410,0,0,3,41
846,410,0,0,1,7
920,410,0,0,0,7
516,412,0,0,2,11
238,414,0,0,3,23
450,414,0,0,5,46
504,414,0,0,1,8
656,414,4,0,20,48
710,414,-2,0,21,41
158,416,0,0,6,66
206,416,0,0,4,37
844,414,-20,2,8,12
298,448,-16,-28,20,32
976,422,0,0,2,16
610,426,0,-2,6,18
236,426,0,0,2,24
154,428,0,0,9,76
188,428,0,0,1,15
230,416,0,12,13,25
508,430,0,0,1,10
742,430,0,0,0,80
814,430,0,0,5,22
854,438,2,-8,12,15
716,432,0,0,4,80
924,434,0,-2,6,9
854,438,6,-4,5,10
950,434,0,0,3,35
720,436,0,0,1,85
600,426,4,12,12,18
258,440,2,0,16,40
376,440,0,0,4,79
402,440,0,0,1,78
614,456,-2,-16,13,32
370,442,0,0,5,78
508,442,6,0,14,18
508,442,-2,2,4,18
696,444,0,0,1,43
662,446,0,0,2,50
786,446,0,0,2,31
874,446,0,0,1,25
192,474,-2,-26,12,21
318,448,0,0,4,45
458,448,0,0,2,80
464,448,0,0,2,76
762,448,0,0,3,76
792,450,-2,-2,15,20
230,452,0,0,2,15
874,446,-2,6,15,21
498,456,0,-2,6,41
614,456,0,-2,3,34
434,456,0,0,6,76
516,456,0,0,6,15
792,458,2,-2,7,27
974,456,0,0,1,13
190,460,0,0,3,16
310,460,0,0,0,38
352,460,0,0,3,27
924,460,0,0,1,20
662,494,6,-32,8,19
702,462,0,0,3,27
902,462,0,0,4,105
974,462,0,0,3,13
228,464,0,0,2,17
284,466,0,-2,10,24
746,464,0,0,0,25
738,466,-2,0,7,27
160,474,0,-6,11,19
726,468,0,0,2,28
278,472,-18,-2,6,12
878,474,-16,-4,6,13
224,470,0,2,8,30
338,470,4,2,19,37
192,474,0,0,2,19
368,474,2,0,14,29
394,474,0,0,2,19
940,474,0,0,1,45
944,474,0,0,2,31
76,488,-4,-12,19,141
380,476,-2,0,8,25
838,490,-4,-14,16,21
224,470,0,10,13,22
814,480,0,0,3,11
1004,480,0,0,2,109
250,482,0,0,3,25
820,482,-2,0,5,9
826,488,-2,-6,5,7
630,484,2,0,3,8
190,488,2,-2,9,18
390,488,2,0,14,40
490,486,-2,2,0,11
636,486,0,2,4,7
768,490,-10,-2,12,19
848,496,-6,-8,12,17
966,488,0,0,1,25
190,488,0,2,4,15
246,490,0,0,2,28
476,490,0,0,4,13
708,490,-2,0,6,19
926,488,2,2,17,24
970,490,0,0,1,15
224,492,0,0,1,7
324,492,0,0,3,15
384,492,0,0,5,32
776,494,0,-2,12,17
838,490,2,2,6,15
324,492,-8,4,5,7
482,500,0,-2,2,9
664,498,0,0,3,11
930,498,0,0,3,24
694,490,28,10,17,22
430,502,0,0,4,31
928,502,2,2,9,26
290,504,0,2,7,10
284,510,0,-2,3,10
686,512,0,0,2,12
268,508,6,6,17,24
338,516,-2,-2,6,8
362,514,22,0,22,29
720,514,0,0,6,26
970,514,0,0,0,24
426,526,18,-10,7,10
218,528,2,-10,8,14
692,520,-2,-2,7,13
700,518,0,0,3,21
710,518,0,0,5,18
402,520,-2,0,21,37
384,522,-2,0,3,46
932,524,-2,-2,12,27
970,522,0,0,1,19
34,524,0,0,1,25
218,528,2,-4,5,15
446,506,-30,20,7,12
742,526,0,0,19,26
36,534,0,0,1,25
932,524,0,10,16,23
192,540,0,-2,10,84
114,542,0,-2,4,127
220,550,0,0,0,18
1008,552,0,0,0,29
1014,552,0,0,2,29
1082,554,-16,0,13,82
600,558,0,0,3,16
964,560,0,0,4,21
526,562,0,0,5,17
526,562,12,0,8,10
488,564,2,0,7,17
964,560,-4,4,19,30
1090,564,0,0,2,86
556,572,2,-6,10,15
954,570,2,-2,6,31
1096,570,0,-2,15,47
634,570,0,0,1,9
644,572,0,0,10,14
462,576,0,-2,7,20
184,576,0,0,4,52
636,576,0,0,2,6
646,578,0,0,4,10
934,578,0,0,2,15
214,584,0,0,2,74
460,586,2,-2,5,12
934,584,0,0,5,16
180,586,0,0,0,64
558,586,2,0,9,18
214,584,0,4,14,86
570,578,-6,10,19,26
610,588,0,0,0,20
982,588,0,0,0,44
996,588,0,0,1,42
602,590,0,0,2,17
616,590,0,0,1,30
508,596,0,0,0,33
594,596,0,0,0,40
1098,582,2,14,9,43
180,600,0,-2,15,54
508,596,4,2,22,30
82,604,-2,-2,14,24
518,596,8,8,14,45
82,604,2,6,14,255
500,614,2,-2,13,42
610,612,0,0,0,37
664,614,0,-2,8,70
652,614,30,-2,21,43
178,618,0,-4,8,11
652,614,0,0,0,40
682,622,0,-2,10,20
956,620,0,0,4,63
970,620,0,0,0,71
428,624,2,0,8,37
996,628,0,0,1,11
570,632,2,-2,16,23
460,632,0,0,2,37
210,634,0,0,1,24
996,634,0,0,1,13
514,638,0,0,1,15
594,636,0,2,2,17
518,638,0,2,1,18
570,648,4,-6,20,38
178,618,2,26,12,25
210,634,2,10,16,31
448,644,-20,0,23,36
508,648,0,0,2,16
570,648,0,0,3,48
444,650,2,0,5,27
468,654,-2,0,5,18
866,654,0,0,0,255
474,660,0,-2,11,29
206,660,0,0,1,8
482,660,0,0,0,23
632,660,0,0,0,29
936,666,-2,-6,9,36
530,664,2,-2,8,36
936,666,0,0,0,35
566,674,0,0,4,25
936,680,0,-2,6,38
206,682,0,0,3,10
542,686,0,0,2,24
932,706,0,-6,18,24
190,714,-2,-4,12,26
500,718,0,0,2,7
612,718,-2,0,6,16
534,720,0,0,1,17
626,746,-20,-26,7,12
540,722,0,0,3,17
566,728,6,-2,7,9
934,726,0,0,1,57
196,728,0,0,1,25
566,728,2,0,2,14
1030,728,-16,0,6,12
1030,728,-8,0,5,11
1030,728,0,0,6,8
1030,728,4,0,7,9
620,730,0,0,0,12
994,730,-4,0,12,255
474,738,2,0,1,8
208,750,-2,-6,12,15
474,738,-2,8,6,11
660,746,0,0,1,12
520,748,0,0,1,23
208,750,0,0,1,24
600,754,8,-2,4,9
670,754,0,-2,1,5
56,756,0,-2,2,44
952,758,0,0,5,113
62,766,0,-2,1,35
398,762,-2,2,4,5
430,764,2,0,1,3
554,764,0,0,5,26
676,764,0,0,0,6
716,754,0,10,8,15
506,768,2,0,3,13
606,768,0,0,3,57
606,768,4,0,11,53
676,764,4,4,3,5
62,766,0,4,9,33
534,770,0,0,2,27
606,782,-2,-8,21,30
466,776,0,0,3,21
516,776,-2,0,3,11
564,776,0,0,1,18
548,776,-2,2,11,19
622,780,-2,-2,9,28
606,782,2,-2,4,18
724,784,-8,-4,9,12
220,784,0,0,2,59
56,786,-2,0,20,78
80,786,0,0,0,18
86,790,0,0,0,18
658,786,6,4,23,40
434,794,2,0,12,27
682,794,0,0,4,14
220,798,0,-2,9,37
410,798,0,0,0,17
746,780,2,18,9,12
428,802,0,0,0,6
740,802,2,0,3,16
436,804,0,0,1,5
664,806,0,-2,2,4
692,804,2,0,8,13
408,806,0,0,0,6
682,806,0,0,3,16
814,806,0,0,16,49
216,808,0,0,0,36
402,808,0,0,0,6
926,808,0,0,3,139
774,810,0,0,19,27
524,816,2,0,3,14
590,816,0,0,4,9
714,816,-2,0,8,15
584,810,-6,8,12,17
800,818,0,0,10,35
816,818,0,0,15,74
484,820,-2,0,7,19
496,820,10,0,11,15
546,814,6,6,7,17
924,820,-2,0,10,65
352,822,-6,0,19,30
352,822,0,0,6,19
932,822,-2,0,8,55
932,822,2,0,18,55
468,824,4,0,16,23
284,834,0,0,14,65
522,834,-2,0,7,79
576,834,-2,0,8,51
728,838,0,-2,6,9
454,840,0,0,2,16
494,840,0,0,8,60
734,838,0,2,13,24
228,844,2,-2,5,8
580,844,-2,-2,19,38
450,844,0,0,1,17
746,842,0,2,11,48
490,846,0,0,8,43
450,844,-18,8,11,18
632,854,0,-2,11,18
648,852,0,0,3,8
806,854,2,0,20,38
312,856,0,0,8,31
682,860,-2,0,9,24
424,862,0,0,1,6
688,862,2,2,12,17
346,864,0,2,19,61
390,866,0,0,3,24
744,866,2,0,8,53
228,844,-28,24,10,19
704,870,0,-2,4,23
704,870,6,-2,9,26
234,870,0,0,4,5
420,868,0,2,10,19
536,876,0,-2,6,13
536,876,6,-2,8,13
574,874,0,0,1,14
234,870,-28,6,10,13
236,876,0,0,4,5
670,876,0,0,16,42
802,876,0,0,11,54
384,876,-2,2,15,24
554,878,0,0,3,8
728,880,-2,-2,9,13
794,878,0,0,5,48
310,880,2,0,20,29
502,884,2,-2,7,15
704,882,0,0,10,37
798,882,0,0,7,29
892,910,6,-28,22,73
502,884,-2,2,6,13
602,886,2,0,5,11
610,886,4,0,18,30
610,886,0,2,8,14
478,890,0,0,0,13
470,898,2,0,3,13
322,900,0,0,12,73
470,898,-10,2,15,21
242,902,0,0,1,5
260,902,0,0,5,26
432,904,0,0,2,17
294,906,2,0,18,42
438,904,0,2,7,21
808,906,0,0,4,44
670,910,-2,0,11,19
730,914,0,0,11,75
676,920,-4,-4,15,19
886,938,8,-20,15,21
250,922,0,0,2,5
732,922,0,0,13,71
890,924,0,0,6,20
552,928,0,0,9,78
738,928,0,0,12,54
852,928,0,0,11,28
700,932,0,0,5,15
848,932,0,0,11,35
692,934,0,0,7,24
310,938,0,-2,14,56
424,936,-2,0,11,44
710,936,0,0,6,34
258,936,0,4,3,4
602,944,0,0,6,35
880,950,2,-6,8,18
768,950,0,-2,16,37
880,950,2,0,7,11
542,950,0,2,4,11
564,954,0,0,6,22
596,954,0,0,5,30
502,956,0,0,7,17
626,970,24,-14,15,19
668,956,0,0,12,35
374,958,0,0,7,55
242,960,0,0,0,7
800,960,2,0,6,44
266,960,0,2,3,8
336,960,0,2,17,38
562,962,0,0,3,25
810,964,0,0,6,33
606,964,0,2,16,25
268,966,0,2,4,11
626,970,0,0,5,9
494,972,0,0,3,14
562,974,0,-2,18,43
628,974,4,-2,12,22
694,976,0,-2,5,19
314,976,0,0,6,30
700,974,0,2,7,17
292,978,2,0,21,32
392,978,0,0,1,8
754,978,0,0,3,9
872,980,0,-2,6,8
338,980,0,0,8,29
370,980,6,0,9,15
718,976,2,4,11,14
446,984,2,-2,9,17
450,1002,2,-20,14,22
668,982,0,0,3,13
872,984,-2,-2,7,13
828,982,0,2,8,21
668,982,0,4,7,15
446,984,2,4,14,20
412,1012,-8,-22,14,19
862,994,0,-2,12,16
450,1002,0,-6,17,23
472,996,0,0,2,21
508,996,2,0,3,14
328,996,2,2,20,43
582,996,0,2,6,27
650,998,-2,4,4,12
876,1002,0,0,2,12
288,1002,2,2,20,26
412,1012,0,0,8,13
412,1016,0,2,2,15
634,1022,0,0,6,13
556,1002,12,22,19,32
736,1028,12,-4,18,33
486,1028,-2,0,9,28
678,1028,10,0,18,27
872,1030,0,0,4,10
454,1032,0,0,3,10
656,1034,0,0,4,20
574,1044,-4,-6,14,18
850,1050,-4,-12,11,17
608,1040,0,0,4,24
310,1060,-4,-16,6,16
482,1044,0,0,5,18
620,1046,0,0,6,57
736,1028,-26,18,16,33
308,1050,0,-2,10,19
424,1056,0,0,6,43
462,1058,-4,0,19,27
838,1060,0,0,4,43
872,1058,0,2,19,25
310,1060,0,2,6,18
442,1062,0,0,4,28
580,1066,-2,-4,18,47
610,1064,0,-2,18,63
574,1066,0,0,4,13
540,1072,4,2,13,23
578,1074,0,0,3,9
828,1074,0,0,4,39
1048,1076,-10,0,10,255
944,1080,-26,0,16,29
944,1080,-6,0,4,255
772,1084,0,-2,18,52
892,1082,0,0,2,20
898,1082,4,0,5,23
740,1084,0,0,11,40
792,1086,0,-2,17,55
692,1090,0,0,5,14
316,1096,0,-2,9,22
838,1096,0,0,2,5
796,1100,-2,-2,13,43
182,1106,0,0,2,48
826,1106,-2,0,6,11
318,1104,2,4,10,16
322,1116,0,-2,9,14
590,1114,0,0,7,25
796,1116,2,-2,14,51
802,1126,16,-10,11,27
318,1128,-2,-6,21,35
796,1124,0,0,2,15
848,1124,0,0,12,90
802,1126,0,0,4,28
318,1128,0,0,2,34
788,1128,0,0,1,12
176,1132,0,0,0,46
318,1128,6,6,18,29
392,1140,-10,-6,3,11
634,1134,0,0,11,45
172,1136,0,0,2,44
318,1128,8,12,20,53
392,1140,0,0,1,8
500,1146,0,0,12,77
758,1144,-4,2,6,13
400,1154,22,-2,22,28
734,1156,0,0,3,9
384,1158,0,0,4,15
400,1154,12,6,3,12
726,1160,0,0,3,11
772,1162,2,0,5,11
436,1164,0,0,3,10
392,1140,24,28,7,12
688,1172,-2,0,5,9
502,1174,0,0,10,22
450,1176,0,0,4,14
518,1178,0,0,8,26
30,1182,-2,-2,15,71
318,1182,0,0,3,27
518,1178,24,4,21,63
636,1182,2,0,4,8
926,1184,-6,0,20,32
926,1184,-2,0,4,22
938,1184,0,0,1,19
1064,1184,0,0,2,11
374,1186,0,0,11,48
580,1186,0,0,3,67
744,1188,2,-2,7,40
1078,1186,-2,0,5,13
1078,1186,2,0,3,9
38,1188,0,0,1,52
718,1188,0,0,3,8
1026,1186,0,2,15,28
58,1190,0,0,2,19
66,1190,0,0,2,31
160,1190,0,0,9,58
468,1188,-2,2,16,20
712,1190,0,0,2,7
762,1190,0,0,11,50
918,1190,0,0,0,28
1090,1190,0,0,0,19
172,1192,0,0,0,51
440,1204,-18,-12,19,24
488,1194,-8,-2,4,10
928,1194,0,0,1,27
430,1202,10,-6,10,17
66,1198,26,0,9,21
182,1198,0,0,4,44
250,1200,2,-2,19,76
938,1198,0,0,2,20
102,1204,6,-4,18,23
222,1198,-2,2,10,37
686,1200,0,0,2,16
200,1202,2,0,9,43
620,1204,10,-2,20,32
950,1202,0,0,2,20
308,1204,0,0,3,16
468,1188,30,16,16,21
302,1206,0,0,0,12
1004,1206,0,0,1,25
964,1208,0,0,0,20
260,1210,0,0,4,48
964,1208,12,2,9,15
1004,1210,0,0,0,26
288,1212,0,0,1,13
552,1216,0,0,4,15
582,1218,0,0,6,12
252,1220,0,0,5,45
514,1248,30,-28,20,26
984,1220,0,0,2,5
186,1224,0,-2,22,97
296,1224,2,-2,12,25
640,1244,-16,-22,18,33
738,1222,2,0,13,36
988,1222,0,0,1,4
282,1224,0,0,0,12
276,1226,0,0,3,9
438,1228,-2,0,18,37
694,1228,0,0,8,28
722,1230,0,0,13,21
1072,1230,0,0,4,76
48,1232,0,0,1,59
702,1232,-2,0,19,25
476,1230,-10,4,17,28
142,1236,0,0,11,89
372,1238,2,-2,18,39
514,1248,-26,-12,15,22
558,1234,2,2,13,31
30,1238,0,0,5,71
84,1240,0,0,8,29
102,1248,2,0,23,48
998,1250,0,0,2,22
1096,1250,0,0,6,115
36,1252,0,0,4,34
292,1248,-6,4,7,18
344,1254,-2,-2,9,33
416,1266,-22,-14,20,50
618,1258,22,-6,19,25
128,1254,0,0,7,70
176,1254,0,0,6,120
580,1254,0,0,16,31
680,1254,0,0,11,37
484,1256,0,0,11,34
136,1258,0,0,6,55
280,1254,8,6,15,20
610,1288,-28,-28,20,26
996,1260,0,0,2,16
74,1262,0,0,9,57
182,1262,0,0,10,74
742,1264,2,0,21,55
416,1266,0,0,14,55
992,1266,0,0,4,18
112,1268,0,0,11,56
510,1268,0,0,12,26
1044,1268,0,0,14,41
200,1272,0,0,11,78
220,1276,0,0,10,62
1064,1276,0,0,7,55
378,1278,2,0,18,38
80,1278,0,2,9,19
226,1280,0,0,6,68
726,1280,0,0,18,50
236,1282,0,0,10,45
982,1282,2,0,4,16
708,1284,0,0,10,42
40,1282,26,4,23,38
316,1288,0,0,4,20
128,1290,0,2,18,29
324,1294,0,0,1,25
420,1294,0,0,13,55
144,1308,18,-12,15,20
252,1298,0,0,5,48
330,1298,0,0,3,21
964,1300,0,0,2,10
1056,1300,0,0,10,56
356,1302,0,0,1,22
258,1304,0,0,12,48
548,1304,0,0,23,56
642,1272,10,32,21,29
960,1304,0,0,1,9
96,1306,-2,0,7,20
960,1310,0,-2,12,15
266,1310,0,0,10,54
634,1310,0,0,18,53
210,1324,6,-10,22,33
634,1314,4,0,17,39
670,1314,0,0,20,33
76,1322,24,-6,16,21
364,1318,0,0,9,28
76,1322,10,-2,15,20
486,1320,0,0,11,58
750,1320,0,0,14,45
938,1320,0,0,0,27
76,1322,0,0,5,20
998,1322,0,0,14,93
280,1324,0,0,4,56
388,1324,0,0,5,22
